%YAML:1.0
src: /camera_rgb_optical_frame
des: /world
rvec: !!opencv-matrix
   rows: 3
   cols: 1
   dt: d
   data: [ 2.0611611366331664e+00, 7.2165434953982344e-01,
       -4.4803917553399103e-01 ]
tvec: !!opencv-matrix
   rows: 3
   cols: 1
   dt: d
   data: [ 6.3204653003109693e-02, 2.5298930135752368e-02,
       8.5837606517182130e-01 ]
